1.000000000000000000e+01 8.739399999999999647e-28
1.020899999999999963e+01 9.095799999999999912e-28
1.042300000000000004e+01 9.470500000000000607e-28
1.064100000000000001e+01 9.889700000000000732e-28
1.086400000000000077e+01 1.033599999999999996e-27
1.109099999999999930e+01 1.083099999999999914e-27
1.132399999999999984e+01 1.136300000000000041e-27
1.156099999999999994e+01 1.195199999999999965e-27
1.180300000000000082e+01 1.258899999999999934e-27
1.205000000000000071e+01 1.329100000000000035e-27
1.230199999999999960e+01 1.405399999999999921e-27
1.255899999999999928e+01 1.489400000000000085e-27
1.282199999999999918e+01 1.580900000000000084e-27
1.309099999999999930e+01 1.681400000000000101e-27
1.336500000000000021e+01 1.790900000000000135e-27
1.364499999999999957e+01 1.911000000000000142e-27
1.392999999999999972e+01 2.041900000000000027e-27
1.422199999999999953e+01 2.185200000000000104e-27
1.451999999999999957e+01 2.341099999999999918e-27
1.482300000000000040e+01 2.511400000000000047e-27
1.513400000000000034e+01 2.696499999999999942e-27
1.545100000000000051e+01 2.897999999999999916e-27
1.577399999999999913e+01 3.116699999999999949e-27
1.610399999999999920e+01 3.354100000000000221e-27
1.644099999999999895e+01 3.611200000000000256e-27
1.678500000000000014e+01 3.889400000000000106e-27
1.713700000000000045e+01 4.190000000000000046e-27
1.749599999999999866e+01 4.514499999999999903e-27
1.786199999999999832e+01 4.863900000000000274e-27
1.823600000000000065e+01 5.239999999999999943e-27
1.861700000000000088e+01 5.643999999999999775e-27
1.900700000000000145e+01 6.077400000000000310e-27
1.940500000000000114e+01 6.541600000000000523e-27
1.981099999999999994e+01 7.038200000000000368e-27
2.022599999999999909e+01 7.568600000000000255e-27
2.064900000000000091e+01 8.134200000000000594e-27
2.108200000000000074e+01 8.736600000000000622e-27
2.152299999999999969e+01 9.377099999999999899e-27
2.197400000000000020e+01 1.005699999999999942e-26
2.243299999999999983e+01 1.077900000000000059e-26
2.290299999999999869e+01 1.154199999999999981e-26
2.338299999999999912e+01 1.234999999999999947e-26
2.387199999999999989e+01 1.320199999999999970e-26
2.437199999999999989e+01 1.410100000000000014e-26
2.488200000000000145e+01 1.504800000000000067e-26
2.540299999999999869e+01 1.604400000000000118e-26
2.593499999999999872e+01 1.708899999999999880e-26
2.647700000000000031e+01 1.818599999999999890e-26
2.703200000000000003e+01 1.933499999999999863e-26
2.759799999999999898e+01 2.053800000000000062e-26
2.817500000000000071e+01 2.179399999999999925e-26
2.876500000000000057e+01 2.310500000000000001e-26
2.936700000000000088e+01 2.447199999999999993e-26
2.998199999999999932e+01 2.589499999999999900e-26
3.060999999999999943e+01 2.737500000000000285e-26
3.125000000000000000e+01 2.891299999999999987e-26
3.190399999999999991e+01 3.050900000000000155e-26
3.257200000000000273e+01 3.216300000000000215e-26
3.325399999999999778e+01 3.387500000000000166e-26
3.395000000000000284e+01 3.564699999999999986e-26
3.466100000000000136e+01 3.747799999999999973e-26
3.538700000000000045e+01 3.936800000000000126e-26
3.612700000000000244e+01 4.131699999999999873e-26
3.688400000000000034e+01 4.332499999999999787e-26
3.765599999999999881e+01 4.539199999999999867e-26
3.844400000000000261e+01 4.751800000000000115e-26
3.924900000000000233e+01 4.970299999999999955e-26
4.007000000000000028e+01 5.194600000000000261e-26
4.090899999999999892e+01 5.424699999999999885e-26
4.176500000000000057e+01 5.660500000000000274e-26
4.264000000000000057e+01 5.902000000000000279e-26
4.353199999999999648e+01 6.149199999999999900e-26
4.444400000000000261e+01 6.402000000000000011e-26
4.537400000000000233e+01 6.660399999999999463e-26
4.632399999999999807e+01 6.924200000000000002e-26
4.729399999999999693e+01 7.193499999999999607e-26
4.828399999999999892e+01 7.468200000000000298e-26
4.929399999999999693e+01 7.748199999999999506e-26
5.032600000000000051e+01 8.033499999999999524e-26
5.138000000000000256e+01 8.324000000000000079e-26
5.245499999999999829e+01 8.619800000000000298e-26
5.355299999999999727e+01 8.920600000000000502e-26
5.467399999999999949e+01 9.226600000000000095e-26
5.581900000000000261e+01 9.537599999999999674e-26
5.698700000000000188e+01 9.853600000000000386e-26
5.817999999999999972e+01 1.017499999999999989e-25
5.939800000000000324e+01 1.050100000000000057e-25
6.064099999999999824e+01 1.083200000000000010e-25
6.191100000000000136e+01 1.116799999999999960e-25
6.320700000000000074e+01 1.150899999999999910e-25
6.453000000000000114e+01 1.185500000000000087e-25
6.588100000000000023e+01 1.220499999999999988e-25
6.726000000000000512e+01 1.256099999999999933e-25
6.866800000000000637e+01 1.292200000000000107e-25
7.010500000000000398e+01 1.328900000000000094e-25
7.157299999999999329e+01 1.366000000000000035e-25
7.307099999999999795e+01 1.403599999999999975e-25
7.460099999999999909e+01 1.441799999999999959e-25
7.616200000000000614e+01 1.480499999999999941e-25
7.775700000000000500e+01 1.519799999999999967e-25
7.938400000000000034e+01 1.557200000000000045e-25
8.104600000000000648e+01 1.592599999999999899e-25
8.274299999999999500e+01 1.627700000000000075e-25
8.447499999999999432e+01 1.663599999999999927e-25
8.624299999999999500e+01 1.701100000000000051e-25
8.804900000000000659e+01 1.740300000000000032e-25
8.989199999999999591e+01 1.781100000000000054e-25
9.177299999999999613e+01 1.823300000000000026e-25
9.369499999999999318e+01 1.866799999999999903e-25
9.565600000000000591e+01 1.911300000000000007e-25
9.765800000000000125e+01 1.956700000000000062e-25
9.970300000000000296e+01 2.003100000000000114e-25
1.017900000000000063e+02 2.032399999999999939e-25
1.039200000000000017e+02 2.079799999999999989e-25
1.060999999999999943e+02 2.127999999999999944e-25
1.083199999999999932e+02 2.176999999999999805e-25
1.105799999999999983e+02 2.226700000000000216e-25
1.129000000000000057e+02 2.277200000000000073e-25
1.152600000000000051e+02 2.328400000000000020e-25
1.176800000000000068e+02 2.380399999999999872e-25
1.201400000000000006e+02 2.433099999999999815e-25
1.226500000000000057e+02 2.486600000000000123e-25
1.252199999999999989e+02 2.540899999999999877e-25
1.278400000000000034e+02 2.595999999999999997e-25
1.305200000000000102e+02 2.651900000000000022e-25
1.332500000000000000e+02 2.708500000000000137e-25
1.360399999999999920e+02 2.765999999999999974e-25
1.388899999999999864e+02 2.824199999999999902e-25
1.418000000000000114e+02 2.883300000000000010e-25
1.447599999999999909e+02 2.943100000000000208e-25
1.477899999999999920e+02 3.003699999999999852e-25
1.508899999999999864e+02 3.065400000000000229e-25
1.540500000000000114e+02 3.127499999999999869e-25
1.572700000000000102e+02 3.190399999999999875e-25
1.605600000000000023e+02 3.254099999999999786e-25
1.639199999999999875e+02 3.318499999999999788e-25
1.673600000000000136e+02 3.383599999999999879e-25
1.708600000000000136e+02 3.449499999999999876e-25
1.744399999999999977e+02 3.516000000000000147e-25
1.780900000000000034e+02 3.583299999999999864e-25
1.818199999999999932e+02 3.651199999999999856e-25
1.856200000000000045e+02 3.719799999999999937e-25
1.895099999999999909e+02 3.788999999999999833e-25
1.934699999999999989e+02 3.858800000000000003e-25
1.975200000000000102e+02 3.929299999999999803e-25
2.016599999999999966e+02 4.000300000000000061e-25
2.058799999999999955e+02 4.071900000000000134e-25
2.101899999999999977e+02 4.144000000000000205e-25
2.145900000000000034e+02 4.216599999999999816e-25
2.190800000000000125e+02 4.289800000000000160e-25
2.236699999999999875e+02 4.363399999999999768e-25
2.283499999999999943e+02 4.437399999999999558e-25
2.331299999999999955e+02 4.511899999999999807e-25
2.380099999999999909e+02 4.586800000000000237e-25
2.429900000000000091e+02 4.662099999999999932e-25
2.480800000000000125e+02 4.737700000000000453e-25
2.532700000000000102e+02 4.813599999999999963e-25
2.585699999999999932e+02 4.889899999999999655e-25
2.639900000000000091e+02 4.966399999999999897e-25
2.695099999999999909e+02 5.043200000000000047e-25
2.751499999999999773e+02 5.120199999999999829e-25
2.809100000000000250e+02 5.197400000000000162e-25
2.867900000000000205e+02 5.274800000000000126e-25
2.928000000000000114e+02 5.352399999999999723e-25
2.989300000000000068e+02 5.430099999999999595e-25
3.051899999999999977e+02 5.508100000000000292e-25
3.115699999999999932e+02 5.585999999999999796e-25
3.181000000000000227e+02 5.663900000000000218e-25
3.247500000000000000e+02 5.741899999999999997e-25
3.315500000000000114e+02 5.820000000000000052e-25
3.384900000000000091e+02 5.897999999999999831e-25
3.455799999999999841e+02 5.976099999999999885e-25
3.528100000000000023e+02 6.054099999999999665e-25
3.601999999999999886e+02 6.132100000000000362e-25
3.677400000000000091e+02 6.209999999999999866e-25
3.754399999999999977e+02 6.287800000000000013e-25
3.833000000000000114e+02 6.365499999999999885e-25
3.913199999999999932e+02 6.443000000000000125e-25
3.995099999999999909e+02 6.520500000000000364e-25
4.078700000000000045e+02 6.597699999999999778e-25
4.164100000000000250e+02 6.674799999999999836e-25
4.251299999999999955e+02 6.751799999999999618e-25
4.340299999999999727e+02 6.828500000000000411e-25
4.431100000000000136e+02 6.904999999999999735e-25
4.523899999999999864e+02 6.981300000000000345e-25
4.618600000000000136e+02 7.057300000000000130e-25
4.715299999999999727e+02 7.133199999999999640e-25
4.813999999999999773e+02 7.208699999999999885e-25
4.914800000000000182e+02 7.283999999999999580e-25
5.017599999999999909e+02 7.356900000000000017e-25
5.122699999999999818e+02 7.425300000000000007e-25
5.229900000000000091e+02 7.492999999999999907e-25
5.339400000000000546e+02 7.560099999999999992e-25
5.451200000000000045e+02 7.626600000000000263e-25
5.565299999999999727e+02 7.692499999999999801e-25
5.681799999999999500e+02 7.757700000000000167e-25
5.800700000000000500e+02 7.822400000000000076e-25
5.922100000000000364e+02 7.886500000000000170e-25
6.046100000000000136e+02 7.950000000000000450e-25
6.172699999999999818e+02 8.013000000000000271e-25
6.301900000000000546e+02 8.075599999999999910e-25
6.433799999999999955e+02 8.137599999999999735e-25
6.568500000000000227e+02 8.199200000000000295e-25
6.706000000000000227e+02 8.260300000000000397e-25
6.846399999999999864e+02 8.321100000000000593e-25
6.989700000000000273e+02 8.381400000000000330e-25
7.136000000000000227e+02 8.441499999999999517e-25
7.285399999999999636e+02 8.501199999999999440e-25
7.437899999999999636e+02 8.560599999999999455e-25
7.593600000000000136e+02 8.619699999999999564e-25
7.752599999999999909e+02 8.678700000000000315e-25
7.914800000000000182e+02 8.737399999999999322e-25
8.080499999999999545e+02 8.795299999999999801e-25
8.249700000000000273e+02 8.853299999999999637e-25
8.422400000000000091e+02 8.911200000000000116e-25
8.598700000000000045e+02 8.969100000000000595e-25
8.778700000000000045e+02 9.026999999999999237e-25
8.962400000000000091e+02 9.085000000000000909e-25
9.150099999999999909e+02 9.142800000000000195e-25
9.341599999999999682e+02 9.200700000000000674e-25
9.537100000000000364e+02 9.258599999999999316e-25
9.736799999999999500e+02 9.316599999999999152e-25
9.940599999999999454e+02 9.374700000000000181e-25
1.014899999999999977e+03 9.443299999999999803e-25
1.036099999999999909e+03 9.501700000000000740e-25
1.057799999999999955e+03 9.560099999999999840e-25
1.079900000000000091e+03 9.618699999999999490e-25
1.102599999999999909e+03 9.677400000000000334e-25
1.125599999999999909e+03 9.736299999999999892e-25
1.149200000000000045e+03 9.795400000000000000e-25
1.173299999999999955e+03 9.854599999999999465e-25
1.197799999999999955e+03 9.914100000000000674e-25
1.222900000000000091e+03 9.973800000000000597e-25
1.248500000000000000e+03 1.003399999999999914e-24
1.274599999999999909e+03 1.009400000000000081e-24
1.301299999999999955e+03 1.015400000000000064e-24
1.328500000000000000e+03 1.021499999999999955e-24
1.356400000000000091e+03 1.027600000000000029e-24
1.384700000000000045e+03 1.033800000000000012e-24
1.413700000000000045e+03 1.039900000000000086e-24
1.443299999999999955e+03 1.046100000000000069e-24
1.473500000000000000e+03 1.052399999999999959e-24
1.504400000000000091e+03 1.058700000000000033e-24
1.535900000000000091e+03 1.065100000000000015e-24
1.568000000000000000e+03 1.071499999999999997e-24
1.600900000000000091e+03 1.078000000000000070e-24
1.634400000000000091e+03 1.084499999999999960e-24
1.668599999999999909e+03 1.091099999999999941e-24
1.703500000000000000e+03 1.097699999999999923e-24
1.739200000000000045e+03 1.104500000000000087e-24
1.775599999999999909e+03 1.110700000000000069e-24
1.812700000000000045e+03 1.117799999999999958e-24
1.850700000000000045e+03 1.124700000000000030e-24
1.889400000000000091e+03 1.131900000000000009e-24
1.929000000000000000e+03 1.139000000000000081e-24
1.969400000000000091e+03 1.146400000000000060e-24
2.010599999999999909e+03 1.153800000000000039e-24
2.052699999999999818e+03 1.161299999999999926e-24
2.095599999999999909e+03 1.168999999999999996e-24
2.139500000000000000e+03 1.176799999999999974e-24
2.184300000000000182e+03 1.184799999999999951e-24
2.230000000000000000e+03 1.192900000000000020e-24
2.276699999999999818e+03 1.201200000000000089e-24
2.324400000000000091e+03 1.209800000000000064e-24
2.373000000000000000e+03 1.218499999999999948e-24
2.422699999999999818e+03 1.227499999999999922e-24
2.473400000000000091e+03 1.236599999999999988e-24
2.525199999999999818e+03 1.246100000000000053e-24
2.578099999999999909e+03 1.255700000000000026e-24
2.632000000000000000e+03 1.265699999999999998e-24
2.687099999999999909e+03 1.275899999999999969e-24
2.743400000000000091e+03 1.286499999999999939e-24
2.800800000000000182e+03 1.297400000000000000e-24
2.859400000000000091e+03 1.308599999999999968e-24
2.919300000000000182e+03 1.320300000000000027e-24
2.980400000000000091e+03 1.332299999999999993e-24
3.042800000000000182e+03 1.344699999999999958e-24
3.106500000000000000e+03 1.357600000000000013e-24
3.171500000000000000e+03 1.370999999999999975e-24
3.237900000000000091e+03 1.384900000000000028e-24
3.305699999999999818e+03 1.399299999999999987e-24
3.374900000000000091e+03 1.414299999999999945e-24
3.445500000000000000e+03 1.429900000000000084e-24
3.517599999999999909e+03 1.446100000000000038e-24
3.591300000000000182e+03 1.463000000000000082e-24
3.666500000000000000e+03 1.480699999999999940e-24
3.743199999999999818e+03 1.499100000000000072e-24
3.821599999999999909e+03 1.518300000000000017e-24
3.901599999999999909e+03 1.538499999999999960e-24
3.983199999999999818e+03 1.559500000000000084e-24
4.066599999999999909e+03 1.581500000000000022e-24
4.151699999999999818e+03 1.604600000000000049e-24
4.238699999999999818e+03 1.628799999999999980e-24
4.327399999999999636e+03 1.654100000000000000e-24
4.418000000000000000e+03 1.686100000000000093e-24
4.510500000000000000e+03 1.714799999999999920e-24
4.604899999999999636e+03 1.745100000000000110e-24
4.701300000000000182e+03 1.776999999999999928e-24
4.799699999999999818e+03 1.810699999999999924e-24
4.900100000000000364e+03 1.846100000000000008e-24
5.002699999999999818e+03 1.883500000000000085e-24
5.107399999999999636e+03 1.922999999999999882e-24
5.214399999999999636e+03 1.964799999999999947e-24
5.323500000000000000e+03 2.008899999999999914e-24
5.435000000000000000e+03 2.055700000000000149e-24
5.548699999999999818e+03 2.105300000000000008e-24
5.664899999999999636e+03 2.158000000000000135e-24
5.783500000000000000e+03 2.214100000000000068e-24
5.904500000000000000e+03 2.273799999999999991e-24
6.028100000000000364e+03 2.337499999999999902e-24
6.154300000000000182e+03 2.405600000000000168e-24
6.283199999999999818e+03 2.478600000000000145e-24
6.414699999999999818e+03 2.556899999999999832e-24
6.549000000000000000e+03 2.640899999999999961e-24
6.686100000000000364e+03 2.731300000000000073e-24
6.826000000000000000e+03 2.828599999999999889e-24
6.968899999999999636e+03 2.933500000000000051e-24
7.114800000000000182e+03 3.045900000000000100e-24
7.263699999999999818e+03 3.168399999999999845e-24
7.415800000000000182e+03 3.301400000000000020e-24
7.571000000000000000e+03 3.445899999999999702e-24
7.729500000000000000e+03 3.603499999999999991e-24
7.891300000000000182e+03 3.775599999999999963e-24
8.056500000000000000e+03 3.964199999999999980e-24
8.225100000000000364e+03 4.171299999999999669e-24
8.397299999999999272e+03 4.399299999999999758e-24
8.573100000000000364e+03 4.650699999999999965e-24
8.752600000000000364e+03 4.928500000000000096e-24
8.935799999999999272e+03 5.236200000000000052e-24
9.122799999999999272e+03 5.577499999999999912e-24
9.313799999999999272e+03 5.917399999999999960e-24
9.508799999999999272e+03 6.336900000000000150e-24
9.707799999999999272e+03 6.809300000000000649e-24
9.911000000000000000e+03 7.340399999999999420e-24
1.011900000000000000e+04 7.940299999999999467e-24
1.033000000000000000e+04 8.619800000000000390e-24
1.054700000000000000e+04 9.391300000000000318e-24
1.076700000000000000e+04 1.026999999999999994e-23
1.099300000000000000e+04 1.127200000000000041e-23
1.122300000000000000e+04 1.241999999999999936e-23
1.145800000000000000e+04 1.373400000000000042e-23
1.169800000000000000e+04 1.524099999999999964e-23
1.194300000000000000e+04 1.696499999999999990e-23
1.219300000000000000e+04 1.894799999999999998e-23
1.244800000000000000e+04 2.122099999999999961e-23
1.270800000000000000e+04 2.382199999999999977e-23
1.297400000000000000e+04 2.678699999999999818e-23
1.324600000000000000e+04 3.017600000000000272e-23
1.352300000000000000e+04 3.398399999999999782e-23
1.380600000000000000e+04 3.826299999999999874e-23
1.409500000000000000e+04 4.300099999999999745e-23
1.439000000000000000e+04 4.819199999999999873e-23
1.469200000000000000e+04 5.378400000000000494e-23
1.499900000000000000e+04 5.970000000000000509e-23
1.531300000000000000e+04 6.575199999999999456e-23
1.563400000000000000e+04 7.174600000000000294e-23
1.596100000000000000e+04 8.253300000000000527e-23
1.629500000000000000e+04 8.975199999999999714e-23
1.663600000000000000e+04 9.658300000000000113e-23
1.698400000000000000e+04 1.027699999999999944e-22
1.734000000000000000e+04 1.081099999999999962e-22
1.770300000000000000e+04 1.125599999999999957e-22
1.807400000000000000e+04 1.157999999999999939e-22
1.845200000000000000e+04 1.179700000000000043e-22
1.883800000000000000e+04 1.191499999999999944e-22
1.923200000000000000e+04 1.194700000000000052e-22
1.963500000000000000e+04 1.190999999999999912e-22
2.004600000000000000e+04 1.182000000000000048e-22
2.046600000000000000e+04 1.169200000000000084e-22
2.089400000000000000e+04 1.154200000000000075e-22
2.133200000000000000e+04 1.138100000000000043e-22
2.177800000000000000e+04 1.121800000000000093e-22
2.223400000000000000e+04 1.106099999999999899e-22
2.269900000000000000e+04 1.091499999999999962e-22
2.317500000000000000e+04 1.078600000000000039e-22
2.366000000000000000e+04 1.067600000000000048e-22
2.415500000000000000e+04 1.058900000000000062e-22
2.466100000000000000e+04 1.052400000000000003e-22
2.517700000000000000e+04 1.048399999999999985e-22
2.570400000000000000e+04 1.046999999999999967e-22
2.624200000000000000e+04 1.048199999999999949e-22
2.679100000000000000e+04 1.052000000000000048e-22
2.735200000000000000e+04 1.059299999999999899e-22
2.792500000000000000e+04 1.068499999999999917e-22
2.850900000000000000e+04 1.079899999999999980e-22
2.910600000000000000e+04 1.093600000000000048e-22
2.971500000000000000e+04 1.110900000000000062e-22
3.033700000000000000e+04 1.130799999999999957e-22
3.097200000000000000e+04 1.152799999999999939e-22
3.162100000000000000e+04 1.176499999999999935e-22
3.228300000000000000e+04 1.202300000000000016e-22
3.295800000000000000e+04 1.230199999999999948e-22
3.364800000000000000e+04 1.259300000000000097e-22
3.435300000000000000e+04 1.290600000000000056e-22
3.507200000000000000e+04 1.323699999999999988e-22
3.580600000000000000e+04 1.359099999999999924e-22
3.655600000000000000e+04 1.395300000000000006e-22
3.732100000000000000e+04 1.434900000000000114e-22
3.810200000000000000e+04 1.475299999999999897e-22
3.890000000000000000e+04 1.518399999999999991e-22
3.971400000000000000e+04 1.564799999999999919e-22
4.054500000000000000e+04 1.612400000000000063e-22
4.139400000000000000e+04 1.663499999999999959e-22
4.226000000000000000e+04 1.718399999999999954e-22
4.314500000000000000e+04 1.775599999999999954e-22
4.404800000000000000e+04 1.836899999999999931e-22
4.497000000000000000e+04 1.901699999999999894e-22
4.591200000000000000e+04 1.970299999999999957e-22
4.687300000000000000e+04 2.042999999999999997e-22
4.785400000000000000e+04 2.119099999999999830e-22
4.885600000000000000e+04 2.200599999999999816e-22
4.987800000000000000e+04 2.286900000000000200e-22
5.092300000000000000e+04 2.383600000000000113e-22
5.198900000000000000e+04 2.482399999999999877e-22
5.307700000000000000e+04 2.585399999999999814e-22
5.418800000000000000e+04 2.694400000000000129e-22
5.532200000000000000e+04 2.809699999999999998e-22
5.648000000000000000e+04 2.931299999999999888e-22
5.766300000000000000e+04 3.059900000000000222e-22
5.887000000000000000e+04 3.195899999999999896e-22
6.010200000000000000e+04 3.338700000000000094e-22
6.136000000000000000e+04 3.488700000000000184e-22
6.264500000000000000e+04 3.645600000000000052e-22
6.395600000000000000e+04 3.806799999999999816e-22
6.529500000000000000e+04 3.976899999999999955e-22
6.666200000000000000e+04 4.153000000000000004e-22
6.805700000000000000e+04 4.334399999999999541e-22
6.948200000000000000e+04 4.518299999999999708e-22
7.093600000000000000e+04 4.703699999999999969e-22
7.242100000000000000e+04 4.888899999999999841e-22
7.393700000000000000e+04 5.070199999999999655e-22
7.548500000000000000e+04 5.251599999999999663e-22
7.706500000000000000e+04 5.428799999999999969e-22
7.867800000000000000e+04 5.601299999999999602e-22
8.032500000000000000e+04 5.768699999999999664e-22
8.200700000000000000e+04 5.930299999999999736e-22
8.372300000000000000e+04 6.085800000000000174e-22
8.547600000000000000e+04 6.234400000000000363e-22
8.726500000000000000e+04 6.375299999999999688e-22
8.909200000000000000e+04 6.507100000000000130e-22
9.095700000000000000e+04 6.628500000000000103e-22
9.286100000000000000e+04 6.737599999999999673e-22
9.480500000000000000e+04 6.832399999999999654e-22
9.679000000000000000e+04 6.911399999999999952e-22
9.881600000000000000e+04 6.972799999999999888e-22
1.008800000000000000e+05 7.010899999999999666e-22
1.030000000000000000e+05 7.035300000000000082e-22
1.051500000000000000e+05 7.034800000000000051e-22
1.073500000000000000e+05 7.022900000000000426e-22
1.096000000000000000e+05 7.002500000000000263e-22
1.118900000000000000e+05 6.974099999999999594e-22
1.142400000000000000e+05 6.942000000000000196e-22
1.166300000000000000e+05 6.910500000000000083e-22
1.190700000000000000e+05 6.883500000000000255e-22
1.215600000000000000e+05 6.863999999999999961e-22
1.241100000000000000e+05 6.854400000000000106e-22
1.267100000000000000e+05 6.856000000000000395e-22
1.293600000000000000e+05 6.869500000000000309e-22
1.320700000000000000e+05 6.894899999999999848e-22
1.348300000000000000e+05 6.931599999999999726e-22
1.376500000000000000e+05 6.978599999999999879e-22
1.405300000000000000e+05 7.034599999999999662e-22
1.434800000000000000e+05 7.098399999999999562e-22
1.464800000000000000e+05 7.168099999999999647e-22
1.495500000000000000e+05 7.242300000000000018e-22
1.526800000000000000e+05 7.319300000000000189e-22
1.558700000000000000e+05 7.397200000000000229e-22
1.591300000000000000e+05 7.474600000000000238e-22
1.624700000000000000e+05 7.549899999999999926e-22
1.658700000000000000e+05 7.621899999999999781e-22
1.693400000000000000e+05 7.689699999999999934e-22
1.728800000000000000e+05 7.752899999999999608e-22
1.765000000000000000e+05 7.811499999999999743e-22
1.802000000000000000e+05 7.866099999999999625e-22
1.839700000000000000e+05 7.917499999999999869e-22
1.878200000000000000e+05 7.967000000000000181e-22
1.917500000000000000e+05 7.986000000000000443e-22
1.957700000000000000e+05 8.036899999999999715e-22
1.998600000000000000e+05 8.088799999999999990e-22
2.040500000000000000e+05 8.141499999999999940e-22
2.083200000000000000e+05 8.194400000000000279e-22
2.126800000000000000e+05 8.246100000000000166e-22
2.171300000000000000e+05 8.294600000000000414e-22
2.216800000000000000e+05 8.337399999999999926e-22
2.263200000000000000e+05 8.371000000000000360e-22
2.310600000000000000e+05 8.391499999999999776e-22
2.358900000000000000e+05 8.394299999999999577e-22
2.408300000000000000e+05 8.374199999999999998e-22
2.458700000000000000e+05 8.326099999999999587e-22
2.510200000000000000e+05 8.244700000000000265e-22
2.562700000000000000e+05 8.125600000000000063e-22
2.616400000000000000e+05 7.965500000000000086e-22
2.671200000000000000e+05 7.763300000000000078e-22
2.727100000000000000e+05 7.520399999999999939e-22
2.784200000000000000e+05 7.240699999999999728e-22
2.842400000000000000e+05 6.931099999999999694e-22
2.901900000000000000e+05 6.600500000000000211e-22
2.962700000000000000e+05 6.258900000000000032e-22
3.024700000000000000e+05 5.916500000000000179e-22
3.088000000000000000e+05 5.582300000000000280e-22
3.152700000000000000e+05 5.263900000000000065e-22
3.218700000000000000e+05 4.966699999999999687e-22
3.286000000000000000e+05 4.694200000000000308e-22
3.354800000000000000e+05 4.447900000000000142e-22
3.425100000000000000e+05 4.228099999999999773e-22
3.496800000000000000e+05 4.033800000000000077e-22
3.570000000000000000e+05 3.862899999999999793e-22
3.644700000000000000e+05 3.715399999999999861e-22
3.721000000000000000e+05 3.586799999999999998e-22
3.798900000000000000e+05 3.477399999999999845e-22
3.878400000000000000e+05 3.383099999999999895e-22
3.959600000000000000e+05 3.303600000000000036e-22
4.042500000000000000e+05 3.235799999999999882e-22
4.127100000000000000e+05 3.179499999999999987e-22
4.213500000000000000e+05 3.132200000000000190e-22
4.301700000000000000e+05 3.093200000000000073e-22
4.391700000000000000e+05 3.060800000000000091e-22
4.483700000000000000e+05 3.033799999999999793e-22
4.577500000000000000e+05 3.011000000000000137e-22
4.673300000000000000e+05 2.991200000000000200e-22
4.771200000000000000e+05 2.973399999999999920e-22
4.871000000000000000e+05 2.956300000000000060e-22
4.973000000000000000e+05 2.938799999999999893e-22
5.077100000000000000e+05 2.916700000000000187e-22
5.183400000000000000e+05 2.891599999999999821e-22
5.291900000000000000e+05 2.863000000000000174e-22
5.402700000000000000e+05 2.829999999999999966e-22
5.515800000000000000e+05 2.791999999999999912e-22
5.631200000000000000e+05 2.748600000000000174e-22
5.749100000000000000e+05 2.699900000000000007e-22
5.869500000000000000e+05 2.646599999999999831e-22
5.992300000000000000e+05 2.589700000000000180e-22
6.117800000000000000e+05 2.530799999999999931e-22
6.245800000000000000e+05 2.471700000000000235e-22
6.376600000000000000e+05 2.414399999999999805e-22
6.510100000000000000e+05 2.360299999999999955e-22
6.646300000000000000e+05 2.310699999999999919e-22
6.785500000000000000e+05 2.266600000000000231e-22
6.927500000000000000e+05 2.228399999999999788e-22
7.072500000000000000e+05 2.195999999999999807e-22
7.220600000000000000e+05 2.169199999999999897e-22
7.371700000000000000e+05 2.147300000000000110e-22
7.526000000000000000e+05 2.129799999999999943e-22
7.683600000000000000e+05 2.115799999999999997e-22
7.844400000000000000e+05 2.104499999999999893e-22
8.008600000000000000e+05 2.095300000000000110e-22
8.176300000000000000e+05 2.087200000000000115e-22
8.347400000000000000e+05 2.079700000000000110e-22
8.522200000000000000e+05 2.072099999999999911e-22
8.700600000000000000e+05 2.063799999999999997e-22
8.882700000000000000e+05 2.054300000000000101e-22
9.068700000000000000e+05 2.043199999999999916e-22
9.258500000000000000e+05 2.030299999999999993e-22
9.452300000000000000e+05 2.015499999999999903e-22
9.650200000000000000e+05 1.998699999999999921e-22
9.852200000000000000e+05 1.980099999999999966e-22
1.005800000000000000e+06 1.959999999999999917e-22
1.026900000000000000e+06 1.938699999999999885e-22
1.048400000000000000e+06 1.916599999999999944e-22
1.070300000000000000e+06 1.895099999999999994e-22
1.092700000000000000e+06 1.871599999999999917e-22
1.115600000000000000e+06 1.848299999999999994e-22
1.139000000000000000e+06 1.825299999999999949e-22
1.162800000000000000e+06 1.802899999999999895e-22
1.187200000000000000e+06 1.781000000000000107e-22
1.212000000000000000e+06 1.759600000000000117e-22
1.237400000000000000e+06 1.738500000000000004e-22
1.263300000000000000e+06 1.717799999999999963e-22
1.289700000000000000e+06 1.697200000000000117e-22
1.316700000000000000e+06 1.676600000000000036e-22
1.344300000000000000e+06 1.655700000000000077e-22
1.372400000000000000e+06 1.634300000000000086e-22
1.401200000000000000e+06 1.612300000000000104e-22
1.430500000000000000e+06 1.589300000000000059e-22
1.460400000000000000e+06 1.565100000000000032e-22
1.491000000000000000e+06 1.539600000000000064e-22
1.522200000000000000e+06 1.512500000000000041e-22
1.554100000000000000e+06 1.483700000000000005e-22
1.586600000000000000e+06 1.453099999999999996e-22
1.619800000000000000e+06 1.420700000000000015e-22
1.653700000000000000e+06 1.386299999999999906e-22
1.688400000000000000e+06 1.350000000000000101e-22
1.723700000000000000e+06 1.311900000000000088e-22
1.759800000000000000e+06 1.272100000000000061e-22
1.796600000000000000e+06 1.230899999999999898e-22
1.834200000000000000e+06 1.188200000000000111e-22
1.872600000000000000e+06 1.144599999999999984e-22
1.911800000000000000e+06 1.100299999999999908e-22
1.951800000000000000e+06 1.055699999999999953e-22
1.992700000000000000e+06 1.011199999999999958e-22
2.034400000000000000e+06 9.671199999999999801e-23
2.077000000000000000e+06 9.239300000000000160e-23
2.120500000000000000e+06 8.819199999999999715e-23
2.164900000000000000e+06 8.413499999999999523e-23
2.210200000000000000e+06 8.024000000000000497e-23
2.256500000000000000e+06 7.652099999999999952e-23
2.303700000000000000e+06 7.297599999999999615e-23
2.351900000000000000e+06 6.963100000000000544e-23
2.401100000000000000e+06 6.644300000000000491e-23
2.451400000000000000e+06 6.345299999999999905e-23
2.502700000000000000e+06 6.064200000000000499e-23
2.555100000000000000e+06 5.801399999999999994e-23
2.608600000000000000e+06 5.556600000000000394e-23
2.663200000000000000e+06 5.329400000000000449e-23
2.719000000000000000e+06 5.119200000000000052e-23
2.775900000000000000e+06 4.925299999999999959e-23
2.834000000000000000e+06 4.746699999999999987e-23
2.893300000000000000e+06 4.582500000000000268e-23
2.953900000000000000e+06 4.432100000000000106e-23
3.015700000000000000e+06 4.293699999999999763e-23
3.078800000000000000e+06 4.166599999999999995e-23
3.143300000000000000e+06 4.050200000000000104e-23
3.209100000000000000e+06 3.943400000000000186e-23
3.276300000000000000e+06 3.845499999999999820e-23
3.344900000000000000e+06 3.755700000000000038e-23
3.414900000000000000e+06 3.673800000000000214e-23
3.486400000000000000e+06 3.599099999999999930e-23
3.559300000000000000e+06 3.531000000000000251e-23
3.633800000000000000e+06 3.469500000000000003e-23
3.709900000000000000e+06 3.414399999999999737e-23
3.787600000000000000e+06 3.363799999999999990e-23
3.866900000000000000e+06 3.319400000000000189e-23
3.947800000000000000e+06 3.279199999999999972e-23
4.030400000000000000e+06 3.244600000000000181e-23
4.114800000000000000e+06 3.213300000000000104e-23
4.201000000000000000e+06 3.186900000000000032e-23
4.288900000000000000e+06 3.163699999999999950e-23
4.378700000000000000e+06 3.144500000000000005e-23
4.470300000000000000e+06 3.127600000000000181e-23
4.563900000000000000e+06 3.114400000000000145e-23
4.659400000000000000e+06 3.103199999999999883e-23
4.757000000000000000e+06 3.095200000000000200e-23
4.856600000000000000e+06 3.088699999999999906e-23
4.958200000000000000e+06 3.085200000000000154e-23
5.062000000000000000e+06 3.082799999999999720e-23
5.168000000000000000e+06 3.082799999999999720e-23
5.276200000000000000e+06 3.083900000000000213e-23
5.386600000000000000e+06 3.086999999999999892e-23
5.499400000000000000e+06 3.091000000000000028e-23
5.614500000000000000e+06 3.096399999999999829e-23
5.732000000000000000e+06 3.101899999999999942e-23
5.852000000000000000e+06 3.108799999999999720e-23
5.974500000000000000e+06 3.115799999999999811e-23
6.099600000000000000e+06 3.123600000000000046e-23
6.227300000000000000e+06 3.131200000000000245e-23
6.357600000000000000e+06 3.139300000000000240e-23
6.490700000000000000e+06 3.146600000000000091e-23
6.626600000000000000e+06 3.154300000000000014e-23
6.765300000000000000e+06 3.160600000000000271e-23
6.906900000000000000e+06 3.167399999999999738e-23
7.051500000000000000e+06 3.172899999999999851e-23
7.199100000000000000e+06 3.178199999999999928e-23
7.349800000000000000e+06 3.182299999999999788e-23
7.503700000000000000e+06 3.186000000000000163e-23
7.660700000000000000e+06 3.188199999999999973e-23
7.821100000000000000e+06 3.189999999999999711e-23
7.984800000000000000e+06 3.190300000000000059e-23
8.152000000000000000e+06 3.189999999999999711e-23
8.322600000000000000e+06 3.188100000000000249e-23
8.496800000000000000e+06 3.185699999999999815e-23
8.674700000000000000e+06 3.181700000000000267e-23
8.856300000000000000e+06 3.176200000000000154e-23
9.041700000000000000e+06 3.169699999999999860e-23
9.231000000000000000e+06 3.161500000000000140e-23
9.424200000000000000e+06 3.151399999999999783e-23
9.621500000000000000e+06 3.140000000000000073e-23
9.822900000000000000e+06 3.126399999999999964e-23
1.002900000000000000e+07 3.110800000000000082e-23
1.023800000000000000e+07 3.093300000000000150e-23
1.045300000000000000e+07 3.073399999999999784e-23
1.067200000000000000e+07 3.050799999999999811e-23
1.089500000000000000e+07 3.026099999999999752e-23
1.112300000000000000e+07 2.998999999999999847e-23
1.135600000000000000e+07 2.969399999999999784e-23
1.159400000000000000e+07 2.937500000000000187e-23
1.183600000000000000e+07 2.903400000000000192e-23
1.208400000000000000e+07 2.867299999999999835e-23
1.233700000000000000e+07 2.829099999999999979e-23
1.259500000000000000e+07 2.789600000000000183e-23
1.285900000000000000e+07 2.748999999999999894e-23
1.312800000000000000e+07 2.707199999999999976e-23
1.340300000000000000e+07 2.665299999999999745e-23
1.368300000000000000e+07 2.623200000000000067e-23
1.397000000000000000e+07 2.581300000000000130e-23
1.426200000000000000e+07 2.540300000000000062e-23
1.456100000000000000e+07 2.500100000000000140e-23
1.486600000000000000e+07 2.461299999999999882e-23
1.517700000000000000e+07 2.423799999999999860e-23
1.549500000000000000e+07 2.388199999999999887e-23
1.581900000000000000e+07 2.354399999999999946e-23
1.615000000000000000e+07 2.322500000000000055e-23
1.648800000000000000e+07 2.292699999999999955e-23
1.683300000000000000e+07 2.264999999999999942e-23
1.718600000000000000e+07 2.239400000000000014e-23
1.754500000000000000e+07 2.215999999999999897e-23
1.791300000000000000e+07 2.194400000000000105e-23
1.828800000000000000e+07 2.174800000000000087e-23
1.867100000000000000e+07 2.157000000000000101e-23
1.906100000000000000e+07 2.140900000000000128e-23
1.946000000000000000e+07 2.128099999999999870e-23
1.986800000000000000e+07 2.115599999999999961e-23
2.028400000000000000e+07 2.104600000000000029e-23
2.070800000000000000e+07 2.098799999999999862e-23
2.114200000000000000e+07 2.091199999999999957e-23
2.158400000000000000e+07 2.084899999999999993e-23
2.203600000000000000e+07 2.079899999999999970e-23
2.249700000000000000e+07 2.076099999999999871e-23
2.296800000000000000e+07 2.073399999999999970e-23
2.344900000000000000e+07 2.071899999999999993e-23
2.394000000000000000e+07 2.071299999999999884e-23
2.444100000000000000e+07 2.071799999999999975e-23
2.495300000000000000e+07 2.073099999999999916e-23
2.547500000000000000e+07 2.075400000000000038e-23
2.600800000000000000e+07 2.078900000000000083e-23
2.655300000000000000e+07 2.082899999999999925e-23
2.710900000000000000e+07 2.087599999999999893e-23
2.767600000000000000e+07 2.093100000000000006e-23
2.825600000000000000e+07 2.099299999999999952e-23
2.884700000000000000e+07 2.106200000000000024e-23
2.945100000000000000e+07 2.113699999999999911e-23
3.006700000000000000e+07 2.121899999999999925e-23
3.069700000000000000e+07 2.130700000000000047e-23
3.133900000000000000e+07 2.140099999999999983e-23
3.199500000000000000e+07 2.150000000000000010e-23
3.266500000000000000e+07 2.160500000000000146e-23
3.334900000000000000e+07 2.171600000000000096e-23
3.404700000000000000e+07 2.183100000000000119e-23
3.476000000000000000e+07 2.195199999999999956e-23
3.548800000000000000e+07 2.207699999999999865e-23
3.623000000000000000e+07 2.220699999999999865e-23
3.698900000000000000e+07 2.234199999999999956e-23
3.776300000000000000e+07 2.248200000000000136e-23
3.855400000000000000e+07 2.262500000000000078e-23
3.936100000000000000e+07 2.277300000000000109e-23
4.018500000000000000e+07 2.292499999999999919e-23
4.102600000000000000e+07 2.308100000000000095e-23
4.188500000000000000e+07 2.324100000000000050e-23
4.276100000000000000e+07 2.340500000000000077e-23
4.365700000000000000e+07 2.357199999999999865e-23
4.457000000000000000e+07 2.374300000000000018e-23
4.550300000000000000e+07 2.391799999999999950e-23
4.645600000000000000e+07 2.409699999999999955e-23
4.742800000000000000e+07 2.427900000000000013e-23
4.842100000000000000e+07 2.446400000000000126e-23
4.943500000000000000e+07 2.465300000000000018e-23
5.047000000000000000e+07 2.484399999999999945e-23
5.152600000000000000e+07 2.503999999999999963e-23
5.260500000000000000e+07 2.523699999999999999e-23
5.370600000000000000e+07 2.543900000000000126e-23
5.483000000000000000e+07 2.564199999999999976e-23
5.597800000000000000e+07 2.584899999999999899e-23
5.715000000000000000e+07 2.605799999999999859e-23
5.834600000000000000e+07 2.627099999999999890e-23
5.956800000000000000e+07 2.648599999999999958e-23
6.081400000000000000e+07 2.670399999999999786e-23
6.208700000000000000e+07 2.692299999999999926e-23
6.338700000000000000e+07 2.714600000000000138e-23
6.471400000000000000e+07 2.737099999999999799e-23
6.606900000000000000e+07 2.759899999999999808e-23
6.745200000000000000e+07 2.782899999999999853e-23
6.886400000000000000e+07 2.806200000000000246e-23
7.030500000000000000e+07 2.829599999999999776e-23
7.177700000000000000e+07 2.853399999999999966e-23
7.328000000000000000e+07 2.877299999999999880e-23
7.481400000000000000e+07 2.901599999999999866e-23
7.638000000000000000e+07 2.926000000000000164e-23
7.797900000000000000e+07 2.950700000000000223e-23
7.961100000000000000e+07 2.975599999999999730e-23
8.127700000000000000e+07 3.000699999999999861e-23
8.297900000000000000e+07 3.026099999999999752e-23
8.471600000000000000e+07 3.051799999999999992e-23
8.648900000000000000e+07 3.077599999999999955e-23
8.830000000000000000e+07 3.103700000000000267e-23
9.014800000000000000e+07 3.130000000000000028e-23
9.203500000000000000e+07 3.156600000000000136e-23
9.396200000000000000e+07 3.183400000000000280e-23
9.592900000000000000e+07 3.210500000000000185e-23
9.793700000000000000e+07 3.237899999999999851e-23
9.998700000000000000e+07 3.265500000000000140e-23
1.000000000000000000e+08 3.179935914324555111e-23
1.047249412298147678e+08 3.250289168636903410e-23
1.096731331558815539e+08 3.322198926138527042e-23
1.148551242423939258e+08 3.395699623078358421e-23
1.202819613622777611e+08 3.470826457576694454e-23
1.259652133467138857e+08 3.547615406480964455e-23
1.319169956473574340e+08 3.626103242594351925e-23
1.381499961638323665e+08 3.706327552285592134e-23
1.446775022915647924e+08 3.788326753488424318e-23
1.515134292476051450e+08 3.872140114099201464e-23
1.586723497348314524e+08 3.957807770781562606e-23
1.661695250077690482e+08 4.045370748187146668e-23
1.740209374062484801e+08 4.134870978601506122e-23
1.822433244262664616e+08 4.226351322024744907e-23
1.908542144006689787e+08 4.319855586696355090e-23
1.998719638657252491e+08 4.415428550074147585e-23
2.093157966932573915e+08 4.513115980277392052e-23
2.192058450717323422e+08 4.612964658004288755e-23
2.295631924236904979e+08 4.715022398934387087e-23
2.404099183509974182e+08 4.819338076626632474e-23
2.517691457037277222e+08 4.925961645923976709e-23
2.636650898730355501e+08 5.034944166875873478e-23
2.761231104130758643e+08 5.146337829189964981e-23
2.891697651020302176e+08 5.260195977224738702e-23
3.028328665574945807e+08 5.376573135535204895e-23
3.171415415268995166e+08 5.495525034983653600e-23
3.321262929793741107e+08 5.617108639428150093e-23
3.478190651314133406e+08 5.741382173001467621e-23
3.642533115449637771e+08 5.868405147993511894e-23
3.814640664431173801e+08 5.998238393350714949e-23
3.994880193954178691e+08 6.130944083805853683e-23
4.183635935320023298e+08 6.266585769652342579e-23
4.381310274533305764e+08 6.405228407177363968e-23
4.588324610100840330e+08 6.546938389768173350e-23
4.805120251361232400e+08 6.691783579706686042e-23
5.032159359259998202e+08 6.839833340667463188e-23
5.269925931575656533e+08 6.991158570934648926e-23
5.518926834697374105e+08 7.145831737353913601e-23
5.779692884153325558e+08 7.303926910035447368e-23
6.052779976193355322e+08 7.465519797824720863e-23
6.338770272838487625e+08 7.630687784558125814e-23
6.638273442923074961e+08 7.799509966120603722e-23
6.951927961775591373e+08 7.972067188323218291e-23
7.280402472308577299e+08 8.148442085618723675e-23
7.624397210419137478e+08 8.328719120673607313e-23
7.984645497739077806e+08 8.512984624815796127e-23
8.361915304916334152e+08 8.701326839377074951e-23
8.757010888760516644e+08 8.893835957950172412e-23
9.170774506742930412e+08 9.090604169580903185e-23
9.604088212505369186e+08 9.291725702915722668e-23
1.005787573620581508e+09 9.497296871326097492e-23
1.053310445370938182e+09 9.707416119031206910e-23
1.103078744882215023e+09 9.922184068240980345e-23
1.155198567296478033e+09 1.014170356734231917e-22
1.209781020688903809e+09 1.036607974015123209e-22
1.266942462925907612e+09 1.059542003625460319e-22
1.326804749714724541e+09 1.082983428246594552e-22
1.389495494373136044e+09 1.106943473541933402e-22
1.455148339873190880e+09 1.131433613532704973e-22
1.523903243738830328e+09 1.156465576092654679e-22
1.595906776404731035e+09 1.182051348564300530e-22
1.671312433672485828e+09 1.208203183499459083e-22
1.750280963930104733e+09 1.234933604526761001e-22
1.832980710832437515e+09 1.262255412348976438e-22
1.919587972173110962e+09 1.290181690873047873e-22
2.010287375712883472e+09 1.318725813475722088e-22
2.105272272765702724e+09 1.347901449407813599e-22
2.204745150381476879e+09 1.377722570340158423e-22
2.308918063004192829e+09 1.408203457054377458e-22
2.418013084525718212e+09 1.439358706281693377e-22
2.532262781698799610e+09 1.471203237693027534e-22
2.651910709918540478e+09 1.503752301043743731e-22
2.777211932429355145e+09 1.537021483476491041e-22
2.908433564064044952e+09 1.571026716985586344e-22
3.045855340674277782e+09 1.605784286046551960e-22
3.189770215466324806e+09 1.641310835414453775e-22
3.340484983513244152e+09 1.677623378094752826e-22
3.498320935775032520e+09 1.714739303490535330e-22
3.663614544020723820e+09 1.752676385729969511e-22
3.836718178112648964e+09 1.791452792177990141e-22
4.018000857182091236e+09 1.831087092136338405e-22
4.207849036297398567e+09 1.871598265736039607e-22
4.406667430301776886e+09 1.913005713026638642e-22
4.614879876576943398e+09 1.955329263266530105e-22
4.832930238571752548e+09 1.998589184418804786e-22
5.061283352022213936e+09 2.042806192857225178e-22
5.300426015879683495e+09 2.088001463286901034e-22
5.550868030059810638e+09 2.134196638884450882e-22
5.813143282224713326e+09 2.181413841662541892e-22
6.087810885914755821e+09 2.229675683063694645e-22
6.375456372456493378e+09 2.279005274788488287e-22
6.676692939187570572e+09 2.329426239863329556e-22
6.992162756659375191e+09 2.380962723953063872e-22
7.322538337604526520e+09 2.433639406923912666e-22
7.668523970587026596e+09 2.487481514662192151e-22
8.030857221391520500e+09 2.542514831154503898e-22
8.410310505352604866e+09 2.598765710835242692e-22
8.807692733975452423e+09 2.656261091207220159e-22
9.223851039358457565e+09 2.715028505741544479e-22
9.659672580093841553e+09 2.775096097062893187e-22
1.011608643249580765e+10 2.836492630426472218e-22
1.059406557118849945e+10 2.899247507493195505e-22
1.109462894327523994e+10 2.963390780409578579e-22
1.161884364051101494e+10 3.028953166199138645e-22
1.216782717410923004e+10 3.095966061472237948e-22
1.274274985703132057e+10 3.164461557461319978e-22
1.334483729883835602e+10 3.234472455388806797e-22
1.397537301842292595e+10 3.306032282175004831e-22
1.463570118019079781e+10 3.379175306493498066e-22
1.532722945952611923e+10 3.453936555181819842e-22
1.605143204364764786e+10 3.530351830015136577e-22
1.680985277425365448e+10 3.608457724851030827e-22
1.760410843865552521e+10 3.688291643153665745e-22
1.843589221641485977e+10 3.769891815905580084e-22
1.930697728883245468e+10 3.853297319915801593e-22
2.021922061898355484e+10 3.938548096533019780e-22
2.117456691035711670e+10 4.025684970772719350e-22
2.217505275253929520e+10 4.114749670867572493e-22
2.322281096277729416e+10 4.205784848250294122e-22
2.432007513267950058e+10 4.298834097978594433e-22
2.546918438974539948e+10 4.393941979612089757e-22
2.667258838387402725e+10 4.491154038551024241e-22
2.793285250948247147e+10 4.590516827847116609e-22
2.925266337436647797e+10 4.692077930496970390e-22
3.063483452696084213e+10 4.795885982228643528e-22
3.208231245421074295e+10 4.901990694792458042e-22
3.359818286283787918e+10 5.010442879767004421e-22
3.518567725739266205e+10 5.121294472891835180e-22
3.684817982911676788e+10 5.234598558938585628e-22
3.858923467029898834e+10 5.350409397132248548e-22
4.041255332950592041e+10 5.468782447134917288e-22
4.232202272379280090e+10 5.589774395604402953e-22
4.432171342476085663e+10 5.713443183340378718e-22
4.641588833612772369e+10 5.839848033031217743e-22
4.860901178130640411e+10 5.969049477614612171e-22
5.090575902036686707e+10 6.101109389265632453e-22
5.331102621667032623e+10 6.236091009026241719e-22
5.582994087441914368e+10 6.374058977090201846e-22
5.846787276937577820e+10 6.515079363758084665e-22
6.123044539605190277e+10 6.659219701077115823e-22
6.412354795576917267e+10 6.806549015180979459e-22
6.715334791115135193e+10 6.957137859345219639e-22
7.032630413380657959e+10 7.111058347773863226e-22
7.364918067322972107e+10 7.268384190133534901e-22
7.712906117627992249e+10 7.429190726851722511e-22
8.077336398796702576e+10 7.593554965195863127e-22
8.458985796574282837e+10 7.761555616150710133e-22
8.858667904100831604e+10 7.933273132111569577e-22
9.277234756314059448e+10 8.108789745411404925e-22
9.715578646301847839e+10 8.288189507700471466e-22
1.017463402747608337e+11 8.471558330197038092e-22
1.065537950562306366e+11 8.658984024828636336e-22
1.115883992507748108e+11 8.850556346283650789e-22
1.168608855346649628e+11 9.046367034993116754e-22
1.223824936968189850e+11 9.246509861063530445e-22
1.281649945995759735e+11 9.451080669181615278e-22
1.342207152716011963e+11 9.660177424512512546e-22
1.405625651864213562e+11 9.873900259613572884e-22
1.472040637826004333e+11 1.009235152238594561e-21
1.541593692842273560e+11 1.031563582508701128e-21
1.614433088831601868e+11 1.054386009442737801e-21
1.690714103473578186e+11 1.077713362277602478e-21
1.770599351226894531e+11 1.101556812049840120e-21
1.854259129987854309e+11 1.125927776945247580e-21
1.941871784128254700e+11 1.150837927766821931e-21
2.033624084686670227e+11 1.176299193523705158e-21
2.129711627523482666e+11 1.202323767143758502e-21
2.230339250288498535e+11 1.228924111312522205e-21
2.335721469090121155e+11 1.256112964441378618e-21
2.446082935796795349e+11 1.283903346767732186e-21
2.561658916945721741e+11 1.312308566590161175e-21
2.682695795279727173e+11 1.341342226641517729e-21
2.809451594981406250e+11 1.371018230603014631e-21
2.942196531724371338e+11 1.401350789762455328e-21
3.081213588714008179e+11 1.432354429819748133e-21
3.226799119945811768e+11 1.464043997842986769e-21
3.379263481967431030e+11 1.496434669378451456e-21
3.538931695490984497e+11 1.529541955717886825e-21
3.706144138266220703e+11 1.563381711326572970e-21
3.881257270691539917e+11 1.597970141435739075e-21
4.064644395709627686e+11 1.633323809802935437e-21
4.256696454607866821e+11 1.669459646644127537e-21
4.457822860419715576e+11 1.706394956741254169e-21
4.668452370703794556e+11 1.744147427729156426e-21
4.889034001561442871e+11 1.782735138565876648e-21
5.120037984840881958e+11 1.822176568190324030e-21
5.361956770568805542e+11 1.862490604371498030e-21
5.615306076746278076e+11 1.903696552753496106e-21
5.880625988746756592e+11 1.945814146100610897e-21
6.158482110660253906e+11 1.988863553747009314e-21
6.449466771037633057e+11 2.032865391255441612e-21
6.754200285605593262e+11 2.077840730289638031e-21
7.073332279644438477e+11 2.123811108705164572e-21
7.407543072847154541e+11 2.170798540863482768e-21
7.757545129612397461e+11 2.218825528174226141e-21
8.124084577862973633e+11 2.267915069870711279e-21
8.507942799627443848e+11 2.318090674023825638e-21
8.909938096776097412e+11 2.369376368799634241e-21
9.330927435461682129e+11 2.421796713966008757e-21
9.771808272983908691e+11 2.475376812653831029e-21
1.023352047097257568e+12 2.530142323378444666e-21
1.071704829896709229e+12 2.586119472327023008e-21
1.122342253266415039e+12 2.643335065917808818e-21
1.175372265130636719e+12 2.701816503637217136e-21
1.230907913889601807e+12 2.761591791160916129e-21
1.289067589414024414e+12 2.822689553765262945e-21
1.349975275426432373e+12 2.885139050035395970e-21
1.413760813807361328e+12 2.948970185876616669e-21
1.480560181389910156e+12 3.014213528835803264e-21
1.550515779832622070e+12 3.080900322739619574e-21
1.623776739188717529e+12 3.149062502656611861e-21
1.700499235818793945e+12 3.218732710190324877e-21
1.780846825324681152e+12 3.289944309110736861e-21
1.864990791214294189e+12 3.362731401331585893e-21
1.953110510040635010e+12 3.437128843241125849e-21
2.045393833793390381e+12 3.513172262394185677e-21
2.142037490358383057e+12 3.590898074573581414e-21
2.243247502898415527e+12 3.670343501228934865e-21
2.349239629049653320e+12 3.751546587301341434e-21
2.460239820869777832e+12 3.834546219442393558e-21
2.576484706518374512e+12 3.919382144636246352e-21
2.698222094696533203e+12 4.006094989233757791e-21
2.825711502920832520e+12 4.094726278407670272e-21
2.959224710757957520e+12 4.185318456038225489e-21
3.099046339199426758e+12 4.277914905038791098e-21
3.245474457411325684e+12 4.372559968131110025e-21
3.398821218152660156e+12 4.469298969080210576e-21
3.559413523216862305e+12 4.568178234399126083e-21
3.727593720314937988e+12 4.669245115533766195e-21
3.903720332886084473e+12 4.772548011538703946e-21
4.088168824391297852e+12 4.878136392254553979e-21
4.281332398719395996e+12 4.986060821998133373e-21
4.483622838411906250e+12 5.096372983776834275e-21
4.695471382493420898e+12 5.209125704038616453e-21
4.917329645779005859e+12 5.324372977969625998e-21
5.149670581618342773e+12 5.442169995351496782e-21
5.392989490128870117e+12 5.562573166990671925e-21
5.647805074067545898e+12 5.685640151732552697e-21
5.914660544591757812e+12 5.811429884073224353e-21
6.194124779266759766e+12 5.940002602382054609e-21
6.486793534788507812e+12 6.071419877748799721e-21
6.793290717006688477e+12 6.205744643468815541e-21
7.114269710955715820e+12 6.343041225180648005e-21
7.450414773728916992e+12 6.483375371670411411e-21
7.802442493165044922e+12 6.626814286357605852e-21
8.171103315457186523e+12 6.773426659477662371e-21
8.557183144940019531e+12 6.923282700976388566e-21
8.961505019466050781e+12 7.076454174132172709e-21
9.384930864942720703e+12 7.233014429922152042e-21
9.828363332770009766e+12 7.393038442148601285e-21
1.029274772409605664e+13 7.556602843342492559e-21
1.077907400499273633e+13 7.723785961461419416e-21
1.128837891684688281e+13 7.894667857399331924e-21
1.182174818646669922e+13 8.069330363326314470e-21
1.238031884061399414e+13 8.247857121876442294e-21
1.296528162989668945e+13 8.430333626202642025e-21
1.357788356718927734e+13 8.616847260917874221e-21
1.421943058599164648e+13 8.807487343941931785e-21
1.489129032439405664e+13 9.002345169274160813e-21
1.559489504058283203e+13 9.201514050712473571e-21
1.633174466610166797e+13 9.405089366539528887e-21
1.710341000337837891e+13 9.613168605197728606e-21
1.791153607433233984e+13 9.825851411974567434e-21
1.875784562720161328e+13 1.004323963672085901e-20
1.964414280906626562e+13 1.026543738262485455e-20
2.057231701189553125e+13 1.049255105606525096e-20
2.154434690031877734e+13 1.072468941756724665e-20
2.256230462970635156e+13 1.096196363388597209e-20
2.362836026355175000e+13 1.120448733124208842e-20
2.474478639957347656e+13 1.145237664973541111e-20
2.591396301439662500e+13 1.170575029896219029e-20
2.713838253714280078e+13 1.196472961486285715e-20
2.842065516274510938e+13 1.222943861782769442e-20
2.976351441631313281e+13 1.250000407208781093e-20
3.116982298041137109e+13 1.277655554642020367e-20
3.264257879767323828e+13 1.305922547619586408e-20
3.418492146175927344e+13 1.334814922680052176e-20
3.580013891028573438e+13 1.364346515845876962e-20
3.749167443398892969e+13 1.394531469249212220e-20
3.926313401706839844e+13 1.425384237904300599e-20
4.111829402435828906e+13 1.456919596629727832e-20
4.306110925171164844e+13 1.489152647123799443e-20
4.509572135676135156e+13 1.522098825196466669e-20
4.722646768802954688e+13 1.555773908161253228e-20
4.945789053120639844e+13 1.590194022390703764e-20
5.179474679231202344e+13 1.625375651039026192e-20
5.424201813838035156e+13 1.661335641935555295e-20
5.680492161728428906e+13 1.698091215652859652e-20
5.948892077934331250e+13 1.735659973753372037e-20
6.229973732441834375e+13 1.774059907218437285e-20
6.524336329932608594e+13 1.813309405063864808e-20
6.832607387157405469e+13 1.853427263146089789e-20
7.155444070664575000e+13 1.894432693163145205e-20
7.493534597735740625e+13 1.936345331854809613e-20
7.847599703514623438e+13 1.979185250406268250e-20
8.218394177456806250e+13 2.022972964059817300e-20
8.606708472376159375e+13 2.067729441939257938e-20
9.013370389517420312e+13 2.113476117091603573e-20
9.439246843247643750e+13 2.160234896750973816e-20
9.885245709128281250e+13 2.208028172829566112e-20
1.035231775930737812e+14 2.256878832640709754e-20
1.084145868935832812e+14 2.306810269859202599e-20
1.135371124088520156e+14 2.357846395724094073e-20
1.189016742441989844e+14 2.410011650489319405e-20
1.245197084735031875e+14 2.463331015127713727e-20
1.304031915184128906e+14 2.517830023293916293e-20
1.365646656794606875e+14 2.573534773551969395e-20
1.430172658735087812e+14 2.630471941873440620e-20
1.497747476345200000e+14 2.688668794412032517e-20
1.568515164373544688e+14 2.748153200560866409e-20
1.642626584070933750e+14 2.808953646298602744e-20
1.720239724793599062e+14 2.871099247830833587e-20
1.801520040802023750e+14 2.934619765533322795e-20
1.886640803973254375e+14 2.999545618203678770e-20
1.975783473178695312e+14 3.065907897628356094e-20
2.069138081114790000e+14 3.133738383471942299e-20
2.166903639411180938e+14 3.203069558495825587e-20
2.269288562880076250e+14 3.273934624113622243e-20
2.376511113811077812e+14 3.346367516290700317e-20
2.488799867258667188e+14 3.420402921795464182e-20
2.606394198314347188e+14 3.496076294810243312e-20
2.729544792402001562e+14 3.573423873909617199e-20
2.858514179684465625e+14 3.652482699414400728e-20
2.993577294720490625e+14 3.733290631129577530e-20
3.135022062565112500e+14 3.815886366474625914e-20
3.283150012563040625e+14 3.900309459015041281e-20
3.438276921143313750e+14 3.986600337403780693e-20
3.600733484985620000e+14 4.074800324741775956e-20
3.770866025993451875e+14 4.164951658366840922e-20
3.949037229576693750e+14 4.257097510080320413e-20
4.135626917817697500e+14 4.351282006821274694e-20
4.331032859169001250e+14 4.447550251798059077e-20
4.535671616408702500e+14 4.545948346087377272e-20
4.749979434661402500e+14 4.646523410711286758e-20
4.974413171377461875e+14 4.749323609202556190e-20
5.209451270253211875e+14 4.854398170669257551e-20
5.455594781168514375e+14 4.961797413369729135e-20
5.713368428315567500e+14 5.071572768809023190e-20
5.983321728796270000e+14 5.183776806368499110e-20
6.266030164072656250e+14 5.298463258480347073e-20
6.562096406767555000e+14 5.415687046359003351e-20
6.872151605431107500e+14 5.535504306301964401e-20
7.196856730011528750e+14 5.657972416572393092e-20
7.536903980898541250e+14 5.783150024876465343e-20
7.893018264543567500e+14 5.911097076448734649e-20
8.265958738801796250e+14 6.041874842758754666e-20
8.656520431290917500e+14 6.175545950852853020e-20
9.065535934216358750e+14 6.312174413345081940e-20
9.493877179275820000e+14 6.451825659071614446e-20
9.942457296427397500e+14 6.594566564423479532e-20
1.041223256048306500e+15 6.740465485372387789e-20
1.090420442967752625e+15 6.889592290205100633e-20
1.141942168055864750e+15 7.042018392982127333e-20
1.195898264374977000e+15 7.197816787736550909e-20
1.252403754535069250e+15 7.357062083429524212e-20
1.311579095896850250e+15 7.519830539679132810e-20
1.373550437360512250e+15 7.686200103279655900e-20
1.438449888287660000e+15 7.856250445528924572e-20
1.506415800129594250e+15 8.030063000381385204e-20
1.577593061362361500e+15 8.207721003445264260e-20
1.652133406357368500e+15 8.389309531842647194e-20
1.730195738845890750e+15 8.574915544951279393e-20
1.811946470667118500e+15 8.764627926047803425e-20
1.897559876521850500e+15 8.958537524872339526e-20
1.987218465488053500e+15 9.156737201134661648e-20
2.081113370090390750e+15 9.359321868983101357e-20
2.179444753752988000e+15 9.566388542457120448e-20
2.282422237504097500e+15 9.778036381945474176e-20
2.390265346842389500e+15 9.994366741672402186e-20
2.503203979717320500e+15 1.021548321823419636e-19
2.621478896621348000e+15 1.044149170020972499e-19
2.745342233838714500e+15 1.067250041886851790e-19
2.875058040944877500e+15 1.090862000000063722e-19
3.010902843702586500e+15 1.114996351689343817e-19
3.153166233554368000e+15 1.139664654448020652e-19
3.302151484968175500e+15 1.164878721468678337e-19
3.458176201952377000e+15 1.190650627300289010e-19
3.621572995118067500e+15 1.216992713630480693e-19
3.792690190732238000e+15 1.243917595195745163e-19
3.971892573273302000e+15 1.271438165822404427e-19
4.159562163071843000e+15 1.299567604601213623e-19
4.356099030694599000e+15 1.328319382198599024e-19
4.561922149807468000e+15 1.357707267307502845e-19
4.777470290335773000e+15 1.387745333240947171e-19
5.003202953825999000e+15 1.418447964671496704e-19
5.239601353002634000e+15 1.449829864519803411e-19
5.487169437608587000e+15 1.481906060995563015e-19
5.746434968715974000e+15 1.514691914794250563e-19
6.017950643797328000e+15 1.548203126453059388e-19
6.302295274956011000e+15 1.582455743869615091e-19
6.600075022827102000e+15 1.617466169987008263e-19
6.911924688779366000e+15 1.653251170648849263e-19
7.238509068173248000e+15 1.689827882628138172e-19
7.580524367559246000e+15 1.727213821833735585e-19
7.938699688838207000e+15 1.765426891698410076e-19
8.313798583547334000e+15 1.804485391752462010e-19
8.706620680585118000e+15 1.844408026387017032e-19
9.118003390845662000e+15 1.885213913811230612e-19
9.548823692395676000e+15 1.926922595207636346e-19
1.000000000000000000e+16 1.969554044090041911e-19
